mse: 17312.94336
mae: 106.7695312
psnr: 5.747094631
count: 23600
