rc: 0.5116558075
rf: 0.1068047211
ra: 0.03841182217
rm: 0.1943036467
