long: 1.4399997
lat: 43.60500336
