mse: 6555.368652
mae: 64.1428299
psnr: 9.964832306
count: 58273
