long: 1.439999938
lat: 43.60499954
