Hu Image moments: [10]
Hu(1) = 0.1666422505
Hu(2) = 0.000109423308
Hu(3) = 9.471062858e-06
Hu(4) = 6.808173509e-06
Hu(5) = 2.418733407e-11
Hu(6) = 6.751631435e-08
Hu(7) = -4.902784502e-11
