initial value: 13.14, position: [4.5, -5.3]
minimum: 0.00103695, position: [2.968892799239012, -2.008324450626277]
maximum: 14.4056, position: [1.125, -5.3]
